0.003
0.011
0.023
0.037
0.051
0.065
0.079
0.098
0.116
0.133
0.155
0.183
0.208
0.224
0.239
0.255
0.27 
0.287
0.295
0.309
0.317
0.325
0.336
0.348
0.361
0.37 
0.386
0.389
0.407
0.413
0.419
0.427
0.435
0.443
0.453
0.457
0.463
0.47 
0.475
0.481
0.486
0.495
0.503
0.508
0.516
0.525
0.533
0.541
0.545
0.548
0.551
0.558
0.562
0.568
0.572
0.579
0.581
0.584
0.586
0.59 
0.593
0.598
0.601
0.602
0.604
0.606
0.608
0.611
0.613
0.617
0.62 
0.622
0.625
0.627
0.629
0.63 
0.63 
0.632
0.635
0.64 
0.642
0.643
0.644
0.646
0.652
0.654
0.655
0.656
0.656
0.657
0.658
0.659
0.663
0.665
0.666
0.669
0.67 
0.671
0.671
0.672
0.674
0.675
0.675
0.677
0.678
0.678
0.68 
0.68 
0.682
0.683
0.684
0.685
0.687
0.688
0.689
0.69 
0.691
0.692
0.695
0.695
0.697
0.697
0.697
0.698
0.698
0.701
0.701
0.701
0.702
0.703
0.703
0.703
0.703
0.704
0.705
0.705
0.705
0.705
0.706
0.706
0.706
0.706
0.707
0.707
0.708
0.708
0.708
0.708
0.709
0.71 
0.711
0.711
0.712
0.714
0.715
0.715
0.716
0.716
0.716
0.718
0.718
0.718
0.72 
0.722
0.722
0.723
0.723
0.724
0.725
0.727
0.727
0.727
0.727
0.728
0.728
0.728
0.728
0.73 
0.73 
0.73 
0.73 
0.73 
0.73 
0.731
0.732
0.734
0.735
0.736
0.736
0.736
0.736
0.736
0.736
0.737
0.737
0.737
0.739
0.74 
0.741
